epoch,acc,loss,val_acc,val_loss
0,0.21173333,2.1297133015823366,0.14112,2.3075865202331545
1,0.38312,1.7131956438573201,0.102,2.3659767765808106
2,0.47237334,1.472815305404663,0.10208,2.476073067703247
3,0.5381333,1.300349012298584,0.09992,2.801658101348877
4,0.58658665,1.1738036790084838,0.10072,3.2716449035644533
5,0.6252,1.0728683925882976,0.10104,3.8512974320220947
6,0.65888,0.9827453250503541,0.13744,3.360136898345947
7,0.67909336,0.917999407342275,0.1412,2.9102403424835206
8,0.70677334,0.848216990439097,0.16664,2.955980390853882
9,0.72752,0.79281580078125,0.20864,2.6780224447631835
10,0.74544,0.7447300653012594,0.20592,2.9677079312133787
11,0.762,0.7002595523897807,0.31456,2.114881887168884
12,0.7768267,0.656362418607076,0.35656,1.9187076440048219
13,0.7922933,0.6176605030123393,0.41688,1.753805498123169
14,0.808,0.5830140270423889,0.44696,1.6598459009552002
15,0.82178664,0.5441957073020935,0.56304,1.3005533114624024
16,0.83448,0.5103751906426748,0.56736,1.2569252432250977
17,0.84856,0.47943605137189227,0.62368,1.099313424282074
18,0.86144,0.4412333676147461,0.54624,1.3913222940063477
19,0.87352,0.4091411726315816,0.64224,1.0530367329597474
20,0.88629335,0.3796431593132019,0.62352,1.1724117794036866
21,0.8999467,0.3479186959997813,0.64624,1.10411900806427
22,0.91128,0.3209394909477234,0.67824,0.9843553611183167
23,0.92186666,0.29384605926513674,0.60552,1.2620794983673096
24,0.93061334,0.2723357167847951,0.68752,0.9665845810127258
25,0.9393067,0.24966701411565145,0.66904,1.098849325428009
26,0.95005333,0.22108383309205373,0.6652,1.0840045548248292
27,0.95890665,0.19930166011810302,0.64096,1.2349066696548463
28,0.96584,0.1822058853260676,0.69552,0.9884834531402588
29,0.97010666,0.1647964823738734,0.71048,0.9201994851875305
30,0.97672,0.14682147289435069,0.69032,1.0216211362457275
31,0.98144,0.13169828704198203,0.71744,0.8887437599563599
32,0.98605335,0.11845274276415507,0.7032,0.9930308402061463
33,0.9890933,0.10720332930723826,0.64192,1.3171565079879761
34,0.99149334,0.09518584963480632,0.70784,0.9496010865020752
35,0.99490666,0.08195581140438715,0.71072,0.9984972974395752
36,0.99690664,0.0724343896373113,0.71856,0.9398611103820801
37,0.9971733,0.06782310672601063,0.72488,0.905147878112793
38,0.99832,0.06016141037384669,0.7332,0.8885994425201416
39,0.9988267,0.05340225668311119,0.73008,0.9061372324562073
40,0.99938667,0.04802791340708733,0.7212,0.9641123159217835
41,0.99949336,0.04482370755632718,0.71648,0.9892115495300293
42,0.9994133,0.042416103018522264,0.7284,0.9222289413833619
43,0.99986666,0.037329989495674766,0.732,0.930686275177002
44,0.99986666,0.03419168193737666,0.73224,0.9485373582649231
45,0.99992,0.03228745755116145,0.73584,0.910005956993103
46,0.99992,0.030384213404655455,0.7264,0.9727512641716003
47,0.99994665,0.028563804522951444,0.732,0.9436332459831238
48,0.99997336,0.026736519024570783,0.7332,0.9189703932380676
49,1.0,0.02468296396434307,0.73688,0.9268878025627136
50,0.99994665,0.02367002558430036,0.73784,0.9169459763145447
51,0.99986666,0.022952129199703533,0.73712,0.9261946299171447
52,1.0,0.020779957145055136,0.73616,0.9235003628158569
53,1.0,0.01994690411468347,0.74064,0.9158075296211242
54,1.0,0.018883405829071997,0.73472,0.9304353197479248
55,1.0,0.018321189896066983,0.73912,0.9318499521636963
56,0.99997336,0.017813221417268117,0.73776,0.9417125279045105
57,1.0,0.016982532526453337,0.73552,0.937145279750824
58,1.0,0.016006514326532682,0.74128,0.9367303964614868
59,1.0,0.01541278034210205,0.74144,0.9333823611450195
60,1.0,0.015026535402933756,0.73984,0.9563388380050659
61,1.0,0.014386566192706425,0.73824,0.9464345433998108
62,1.0,0.013997827677925428,0.74264,0.9409246947669982
63,1.0,0.013794705079396567,0.73784,0.9564533724021912
64,1.0,0.01327683946510156,0.73912,0.9557443400382996
65,1.0,0.012804226639171442,0.74064,0.9493940945053101
66,1.0,0.012576166309316954,0.73936,0.9559729807853699
67,1.0,0.012155918306907019,0.74176,0.9520487352180481
68,1.0,0.011888864816824595,0.73968,0.9583419321632385
69,1.0,0.01149808696081241,0.74104,0.9515718156814575
70,1.0,0.011285417448083559,0.74056,0.9569146333885193
