epoch,acc,loss,val_acc,val_loss
0,0.25469333,2.0543769915390016,0.09832,2.3107238385009765
1,0.39997333,1.6746228024800618,0.1036,2.363970576324463
2,0.48525333,1.4394754188791912,0.102,2.5076542827606203
3,0.55176,1.2600079895273844,0.10216,2.720212978134155
4,0.60024,1.1366423202514648,0.10432,2.923785343322754
5,0.6360533,1.0357681014887492,0.10208,3.124869060974121
6,0.66272,0.9625602348136902,0.10272,3.353525084915161
7,0.6915467,0.8906138281122843,0.14296,3.197563289413452
8,0.7110133,0.8344803448867798,0.15952,2.9579854209899903
9,0.73146665,0.7795788070487976,0.15312,3.2208265283203126
10,0.75189334,0.7312122861544291,0.20672,2.686844717178345
11,0.7702133,0.6820244990475972,0.24568,2.677816136856079
12,0.78464,0.6405020079803467,0.36248,2.030395351486206
13,0.79928,0.6041861409886679,0.434,1.8090442278289796
14,0.81344,0.5637557042694091,0.51792,1.4328251706695556
15,0.82704,0.5306506392033895,0.54512,1.3766053183364868
16,0.83832,0.5039357385826111,0.63192,1.0801550053787232
17,0.85426664,0.46360718687057495,0.67152,0.9677363178634644
18,0.86704,0.4302816546821594,0.63104,1.0959102947616577
19,0.87608,0.40264360342661537,0.66984,0.9783409106636047
20,0.89122665,0.36980975113550824,0.67848,0.970671250076294
21,0.9016,0.34427230372428896,0.6928,0.9242017527770996
22,0.9089867,0.32067382877349854,0.66352,1.0569272854614258
23,0.9218133,0.28891428199132285,0.6876,0.9522034702682495
24,0.9348533,0.2604447365760803,0.69072,0.9578758418083191
25,0.93952,0.24355326701641083,0.65888,1.1044264238739014
26,0.95208,0.21463909595807393,0.69448,0.9695191850280762
27,0.96016,0.19570252186457315,0.6944,0.9770400019836426
28,0.9650133,0.1774364477411906,0.70008,0.963544915676117
29,0.97224,0.16197551278909048,0.68816,1.0031966554260254
30,0.97829336,0.14432664992173513,0.70944,0.9508286742591858
31,0.98477334,0.12399099617481232,0.71336,0.915472534980774
32,0.98848,0.11128130085706711,0.70512,0.9575697404098511
33,0.98965335,0.10252602231661478,0.68392,1.0576371626281738
34,0.99208,0.09132589560826619,0.71056,0.9547636131095886
35,0.99421334,0.08236075240294138,0.71136,0.9447752365303039
36,0.9965067,0.07072987035989761,0.72656,0.9261185156822205
37,0.99696,0.06533536902189255,0.72544,0.9479561445808411
38,0.99821335,0.05817926878492038,0.72632,0.9418093740081787
39,0.99864,0.05205858794490496,0.7228,0.9543430128288269
40,0.99896,0.047808000560601555,0.73144,0.9215398587989807
41,0.99925333,0.04446630514462789,0.73696,0.9175096414375306
42,0.99917334,0.04234903318564097,0.72072,0.9895050626182557
43,0.99914664,0.04079078829407692,0.71928,1.0210509463882447
44,0.99954665,0.035186731218496956,0.73168,0.9700505874824524
45,0.99968,0.03275319087545077,0.71808,1.028170486984253
46,0.9997867,0.02996651097456614,0.7332,0.9630772611999512
47,0.99997336,0.02786888316869736,0.73088,0.9617958480072022
48,0.99992,0.02630972268939018,0.7392,0.9353611890983582
49,0.99992,0.024774093580842017,0.73336,0.9605813037490845
50,0.99997336,0.022940596882104872,0.73568,0.9644412226486206
51,1.0,0.021547619804938634,0.73856,0.9455029970550537
52,1.0,0.020372772452632585,0.7384,0.9679968544006348
53,1.0,0.019478820501565932,0.73592,0.9559453512382508
54,1.0,0.018791218879818918,0.73736,0.9554680294799804
55,1.0,0.017704431749979654,0.73664,0.969968568534851
56,1.0,0.017307401997645695,0.73744,0.9801543444061279
