epoch,acc,loss,val_acc,val_loss
0,0.22258666,2.1239596735254924,0.102,2.31197935005188
1,0.38821334,1.7073472121047975,0.102,2.411175210647583
2,0.47704,1.4628423836008708,0.102,2.588510327987671
3,0.54376,1.2851435185368856,0.1208,2.9853588220977785
4,0.5909067,1.15124273147583,0.12,3.5407108602142334
5,0.6338933,1.0424743971379598,0.12952,3.2331372459411623
6,0.66824,0.9542555464490254,0.10624,3.2863811128234865
7,0.6925067,0.8859356460698445,0.10824,3.427722705230713
8,0.7154933,0.8252817907587687,0.1944,2.718524017715454
9,0.73696,0.7716301308377583,0.16408,3.2765212352752684
10,0.75362664,0.7238814242045085,0.20288,2.860530677947998
11,0.77218664,0.6719915365854899,0.2388,2.5943367000579833
12,0.7894667,0.6280135271135966,0.34696,1.8858825798034669
13,0.80605334,0.5856938359324138,0.45016,1.5221507207489013
14,0.81733334,0.5547343198331197,0.50456,1.4447693869781495
15,0.83490664,0.5169423457654317,0.55616,1.2683932864379883
16,0.84418666,0.48539030373891195,0.62144,1.0982217191696166
17,0.85621333,0.45430525959968565,0.64776,1.0134515592765807
18,0.87304,0.41486107592900595,0.70024,0.870262589378357
19,0.88461334,0.3876966717370351,0.7004,0.8807170372009278
20,0.8981867,0.3577884048207601,0.69032,0.9367241097259521
21,0.9067733,0.3287721834977468,0.70792,0.8581921713066101
22,0.91952,0.30103667708396914,0.71112,0.8628372240829468
23,0.92826664,0.27670597571055094,0.68976,0.9723191768074035
24,0.94042665,0.2493829644870758,0.73424,0.7870661062812805
25,0.94792,0.22881378487904866,0.70744,0.8979960300445556
26,0.9555467,0.2074591633192698,0.69456,0.9516398438644409
27,0.9622933,0.18792631903330484,0.72072,0.8728992037773132
28,0.97032,0.16725828603426615,0.6984,0.9562248511886596
29,0.97621334,0.1501180480066935,0.74088,0.7954634827423096
30,0.98098665,0.13619715984503428,0.72976,0.8435074891471863
31,0.9852,0.11982885862986246,0.72824,0.8431505594635009
32,0.98976,0.10583532920281093,0.72712,0.8719854018211365
33,0.99138665,0.09613734320084254,0.68016,1.0781171699905396
34,0.99410665,0.08474567224502563,0.72272,0.8886836338043212
35,0.99512,0.07787231486797333,0.73208,0.8540898617935181
36,0.9966133,0.06883733465751012,0.73016,0.8754048615837097
37,0.998,0.06057211676120758,0.72504,0.9102567849922181
