epoch,acc,loss,val_acc,val_loss
0,0.24562667,2.1167657590611775,0.09832,2.320846393432617
1,0.39565334,1.6931063990275066,0.102,2.5173078773498534
2,0.47866666,1.4601983418401083,0.102,2.780819164428711
3,0.54392,1.283907689043681,0.10304,3.0354692052459717
4,0.59808,1.1399971575164796,0.10632,3.261486713256836
5,0.6350667,1.0395802070617677,0.10216,3.8022643299865724
6,0.66605335,0.9558779342269897,0.10848,3.7260594334411623
7,0.69168,0.8850733396975199,0.1056,4.13610668762207
8,0.7146933,0.8256246208445231,0.11424,4.52902835357666
9,0.7350133,0.7749478992716471,0.13488,4.126140326004029
10,0.75736,0.7139760816446941,0.16176,3.388782985153198
11,0.77253336,0.6767697621599833,0.23328,2.6739366693115234
12,0.79112,0.6296768631235758,0.318,2.196826485595703
13,0.80506665,0.5915854806391398,0.38536,1.952415454978943
14,0.82144,0.5478052891858419,0.50936,1.408724966278076
15,0.83544,0.5111654087257386,0.56232,1.3018526879119874
16,0.84893334,0.4754243530782064,0.59872,1.2051461629104614
17,0.86272,0.441878145459493,0.56664,1.3446733987808228
18,0.8772,0.40825218023618065,0.60616,1.2133557921600342
19,0.88936,0.3760906025314331,0.6892,0.9194638089370728
20,0.89661336,0.35201435169855755,0.70072,0.8711426013374328
21,0.91109335,0.3184753480815887,0.69864,0.904954510383606
22,0.92117333,0.2940181825606028,0.70208,0.8906337385559082
23,0.93064,0.26871681707700096,0.61728,1.2721073862075805
24,0.94210666,0.24239356392542522,0.67288,1.0396656795501709
25,0.95005333,0.2189898051738739,0.71208,0.8983632104110718
26,0.9614933,0.1933162655735016,0.71464,0.9005931678962708
27,0.96698666,0.17631901358922322,0.70168,0.9479468703842163
28,0.9713333,0.16090982555389405,0.72064,0.871948175983429
29,0.97824,0.1415894731124242,0.71704,0.9208517113494873
30,0.98496,0.12390162505467733,0.72352,0.8968446418571472
31,0.9885067,0.11127171308994294,0.71984,0.9272662016677856
32,0.98962665,0.10096808935165405,0.72544,0.8932253421211243
33,0.9930133,0.08883420240004858,0.72968,0.8681231238555909
34,0.99429333,0.08058469651937485,0.72768,0.9130078257369995
35,0.99578667,0.07304594007412593,0.72432,0.928468528137207
36,0.99725336,0.06419461572249731,0.71936,0.9606560383605957
37,0.9979467,0.0580193232413133,0.73536,0.9152556154251099
38,0.9988,0.05085565115253131,0.73496,0.9162890307426452
39,0.99898666,0.04725507316668828,0.73056,0.9409120729446411
40,0.9996,0.041586553681294124,0.73088,0.9292768843078614
41,0.99957335,0.038053542583386106,0.74072,0.8975175416946412
42,0.9998133,0.03477135532657306,0.73792,0.9178251013183594
43,0.99976,0.03264557868440946,0.73152,0.9612863580322266
44,0.99992,0.030612238369782767,0.73512,0.9439715114021301
45,0.99984,0.02890668532192707,0.73688,0.9409455176734924
46,0.99994665,0.027185475556055706,0.73488,0.9432116267013549
47,0.99997336,0.025219844215710958,0.73232,0.9712511449623108
48,1.0,0.02414382160246372,0.742,0.9329580025863647
49,0.99997336,0.0216748714218537,0.73936,0.9368389182853699
50,1.0,0.020574885905385018,0.74072,0.9306023534393311
51,0.99997336,0.019542390636603037,0.74192,0.9383622778701782
52,1.0,0.018774858725667,0.73952,0.941738205165863
53,1.0,0.017613224798838298,0.74032,0.9488750588989258
54,1.0,0.016811173440217972,0.74136,0.9476587370681763
55,1.0,0.016400742541154225,0.7432,0.9329923608779908
56,1.0,0.015711357273658116,0.74328,0.9464970526885986
57,1.0,0.014807457987566788,0.74496,0.9362915554428101
58,1.0,0.014267797081967196,0.74496,0.9434478479385376
59,1.0,0.013820041244328021,0.74288,0.9492319697570801
60,1.0,0.013382601814071337,0.74504,0.952319983329773
61,1.0,0.012902538754840692,0.74488,0.9514831107330323
62,1.0,0.012613452020188173,0.74312,0.9547432773208618
63,1.0,0.012201492456595103,0.74376,0.9609894194793701
64,1.0,0.01182822437286377,0.74576,0.9512376987075806
65,1.0,0.01152668034851551,0.74368,0.9678960068511963
66,1.0,0.011221190232733885,0.7452,0.9620621063613891
67,1.0,0.011002333368857701,0.74384,0.9657861849594116
68,1.0,0.010632547502219676,0.74512,0.9604806756591797
69,1.0,0.01048309460401535,0.74248,0.9691081537628173
70,1.0,0.010160106943845748,0.7428,0.968478537826538
71,1.0,0.010090685521364212,0.74592,0.9689608849334717
72,1.0,0.00987435639957587,0.7456,0.9675763687133789
73,1.0,0.009572134417593478,0.74464,0.970961100692749
74,1.0,0.009491912888983885,0.74432,0.9749059793090821
75,1.0,0.009381549117863179,0.74424,0.9786272103118896
76,1.0,0.009169326222936312,0.7456,0.9728937178421021
77,1.0,0.008940866570969423,0.74552,0.9757851125717163
78,1.0,0.008852203636566799,0.74528,0.9764499889755249
79,1.0,0.008795965794225534,0.7452,0.976570358543396
