epoch,acc,loss,val_acc,val_loss
0,0.17698666,2.184865958887736,0.10312,2.3056219470977783
1,0.38384,1.7213957234573365,0.102,2.36111146522522
2,0.47933334,1.461397522239685,0.102,2.497736352996826
3,0.54421335,1.2802177677917481,0.10208,2.7567727743530273
4,0.5917867,1.1503314949035643,0.10216,3.2761772520446777
5,0.62949336,1.048243112487793,0.1076,3.5509991178894045
6,0.66370666,0.9624797999445598,0.1304,3.8303264011383056
7,0.68802667,0.8975976672236124,0.15648,4.218490184173584
8,0.70986664,0.8360900777053833,0.15984,4.087105438842773
9,0.72952,0.7831694428316752,0.17248,3.6595390627288817
10,0.75416,0.7282063700866699,0.19536,3.3975775566101074
11,0.76354665,0.6961246447372437,0.2288,2.9449274228668214
12,0.7816,0.6496539806747437,0.28112,2.476501123275757
13,0.79946667,0.6054993560409546,0.3748,1.9248391414642334
14,0.81376,0.5664394606590271,0.44896,1.715646508026123
15,0.82744,0.532117491016388,0.6056,1.1397448120880127
16,0.83901334,0.4992787266031901,0.62648,1.1211257103729249
17,0.84989333,0.4692530124282837,0.62128,1.1164275040435792
18,0.86458665,0.437171964562734,0.62224,1.1965481777954101
19,0.87637335,0.40958753765741984,0.6832,0.9461390858268738
20,0.8892267,0.3747557396443685,0.6788,0.9671478025054931
21,0.9013067,0.34757542459805807,0.67616,0.9816280105400086
22,0.91424,0.3177588883113861,0.67968,0.9653917399597168
23,0.92466664,0.2908105703862508,0.68176,1.0130442267608644
24,0.9334667,0.2676472532526652,0.70304,0.8972586986923218
25,0.93736,0.2525485231208801,0.71,0.8865949279403686
26,0.9442933,0.2357524141295751,0.65624,1.0780996356964112
27,0.95392,0.21212935256004334,0.70304,0.9104141859817505
28,0.96301335,0.18714656855901082,0.7104,0.9001422583198547
29,0.9682133,0.17246880298614503,0.6996,0.9612811304092407
30,0.97669333,0.1491964042854309,0.66176,1.0893669805908204
31,0.98154664,0.1340205652618408,0.71088,0.9128951914405823
32,0.9862133,0.1206800430059433,0.70216,0.9696111950111389
33,0.9875733,0.11102500863552094,0.70176,0.9892600377845764
34,0.99189335,0.09775958650509517,0.72752,0.8853878078460693
35,0.9938667,0.08699714233795802,0.70304,1.0118478268814086
36,0.9952267,0.0806418353231748,0.72872,0.8748573120498657
37,0.99626666,0.07272302884022395,0.71976,0.9249955533409119
38,0.99741334,0.0651692427221934,0.7284,0.8884385950088501
39,0.99824,0.05721436759869258,0.72424,0.8969688901138305
40,0.99898666,0.05317333682537079,0.73408,0.8843542648696899
41,0.99896,0.04802187044064204,0.72272,0.940521670742035
42,0.99944,0.04375638601899147,0.73472,0.8842704984283447
43,0.99946666,0.040098774647315344,0.73608,0.88316730676651
44,0.9997333,0.037692179951667786,0.7208,0.960736418876648
45,0.9997067,0.035051353044112527,0.73016,0.9284181532669067
46,0.99984,0.032556437309185664,0.73408,0.9118918800354003
47,0.9998933,0.03028193079908689,0.734,0.9132222068405151
48,0.9998933,0.0283939358574152,0.73336,0.9216524873924256
49,0.9998933,0.026691756243308384,0.72952,0.9547395090675354
50,0.99992,0.025670070147911707,0.73504,0.9207025699615479
51,0.99997336,0.02363523043036461,0.73576,0.9322105345535279
